4294967278,565
4294967278,293
71,122
71,121
71,120
71,119
71,118
71,117
71,116
71,115
71,114
71,113
71,112
71,111
4294967278,564
71,110
71,109
71,108
71,107
71,106
4294967278,291
71,105
71,104
71,103
71,102
71,101
4294967279,382
71,100
71,99
71,98
71,97
4294967279,148
71,96
71,95
71,94
71,93
71,92
71,91
71,90
71,89
71,88
71,87
71,86
71,85
4294967279,381
71,84
71,83
71,82
71,81
71,80
71,79
71,78
71,77
71,76
71,75
71,74
71,73
71,72
71,71
4294967279,380
71,70
71,69
71,68
71,67
71,66
71,65
71,0
71,64
71,36
71,35
71,34
71,33
71,32
4294967278,142
71,31
71,30
71,29
71,28
71,27
71,26
71,25
71,24
71,23
71,22
71,21
4294967278,141
71,20
71,19
71,18
71,17
71,16
71,15
71,14
71,13
71,12
71,11
4294967279,325
4294967278,512
4294967279,343
4294967279,342
4294967279,88
4294967279,143
4294967278,288
4294967279,322
4294967278,88
71,10
71,9
71,8
71,7
71,6
71,5
4294967278,138
4294967278,272
73,5
73,4
73,3
73,2
73,1
4294967278,269
4294967278,268
72,4
72,3
72,2
72,1
71,4
71,3
71,2
71,1
4294967278,279
4294967294,429
4294967294,206
70,6
4294967279,284
70,5
4294967279,259
4294967278,185
4294967279,258
70,4
4294967278,182
70,3
70,2
70,1
4294967279,320
4294967294,471
4294967279,163
4294967278,317
4294967279,162
4294967279,379
69,5
4294967279,160
4294967278,315
69,4
4294967279,255
69,3
69,2
69,1
4294967279,156
4294967278,253
4294967294,415
4294967279,250
4294967278,251
4294967278,247
4294967278,244
68,4
68,3
68,2
68,1
4294967294,399
4294967294,178
4294967294,1081
4294967294,385
4294967294,420
4294967294,398
4294967294,404
4294967278,231
4294967279,231
4294967279,229
66,5
66,4
66,3
66,2
66,1
4294967294,17
4294967294,76
65,4
65,3
65,2
65,1
4294967279,378
4294967294,42
4294967294,67
4294967294,1
4294967279,377
4294967279,376
4294967278,226
4294967294,470
4294967294,46
4294967278,222
4294967294,27
4294967294,1418
4294967294,26
4294967294,1420
4294967294,1421
4294967279,205
4294967294,5
4294967294,22
4294967278,218
4294967278,213
4294967279,0
0,5
4294967278,260
4294967279,146
4294967279,144
4294967294,7
4294967278,306
4294967294,6
4294967279,180
4294967294,25
4294967294,51
4294967294,52
4294967294,83
4294967294,68
4294967294,11
4294967279,175
4294967293,131
4294967293,130
4294967293,129
4294967293,128
4294967293,127
4294967293,126
4294967293,125
4294967293,124
4294967293,123
4294967293,122
4294967293,121
4294967293,120
4294967293,119
4294967293,118
4294967293,117
4294967293,116
4294967293,115
4294967293,114
4294967293,113
4294967293,112
4294967293,111
4294967293,110
4294967293,109
4294967293,108
4294967293,107
4294967293,106
4294967293,105
4294967293,104
4294967293,103
4294967293,102
4294967293,101
4294967293,100
4294967293,99
4294967293,98
4294967293,97
4294967293,96
4294967293,95
4294967293,94
4294967293,93
4294967293,92
4294967293,91
4294967293,90
4294967293,89
4294967293,87
4294967293,86
4294967293,85
4294967293,84
4294967293,83
4294967293,82
4294967293,81
4294967293,80
4294967293,79
4294967293,78
4294967293,77
4294967293,76
4294967293,75
4294967293,74
4294967293,73
4294967293,72
4294967293,71
4294967293,70
4294967293,69
4294967293,68
4294967293,67
4294967293,66
4294967293,65
4294967293,64
4294967293,63
4294967293,62
4294967293,61
4294967293,60
4294967293,59
4294967293,58
4294967293,57
4294967293,56
4294967293,55
4294967293,54
4294967293,53
4294967293,52
4294967293,51
4294967293,50
4294967293,49
4294967293,48
4294967293,47
4294967293,46
4294967293,45
4294967293,44
4294967293,43
4294967293,42
4294967293,41
4294967293,40
4294967293,39
4294967293,38
4294967293,37
4294967293,36
4294967293,35
4294967293,34
4294967293,33
4294967293,32
4294967293,31
4294967293,30
4294967293,29
4294967293,28
4294967293,27
4294967293,26
4294967293,25
4294967293,24
4294967293,23
4294967293,22
4294967293,21
4294967293,20
4294967293,19
4294967293,18
4294967293,17
4294967293,16
4294967293,15
4294967293,14
4294967293,13
4294967293,12
4294967293,11
4294967293,10
4294967293,9
4294967293,8
4294967293,7
4294967293,6
4294967293,5
4294967293,4
4294967293,3
4294967279,129
4294967279,124
4294967279,123
4294967279,122
4294967279,121
4294967279,118
4294967279,117
4294967279,116
4294967279,115
4294967279,114
4294967279,113
4294967279,112
4294967279,111
4294967279,110
4294967279,109
4294967279,108
4294967279,107
4294967279,106
4294967279,105
4294967279,104
4294967279,103
4294967279,102
4294967279,101
4294967279,100
4294967279,99
4294967279,98
4294967279,97
4294967279,96
4294967279,95
4294967279,94
4294967279,93
4294967279,92
4294967279,91
4294967279,90
4294967279,89
4294967279,87
4294967279,86
4294967279,85
4294967279,84
4294967279,83
4294967279,82
4294967279,81
4294967279,80
4294967279,79
4294967279,78
4294967279,77
4294967279,76
4294967279,75
4294967279,74
4294967279,73
4294967279,72
4294967279,71
4294967279,70
4294967279,69
4294967279,68
4294967279,67
4294967279,66
4294967279,65
4294967279,64
4294967279,62
4294967279,61
4294967279,60
4294967279,59
4294967279,58
4294967279,57
4294967279,56
4294967279,55
4294967279,53
4294967279,52
4294967279,51
4294967279,50
4294967279,49
4294967279,48
4294967279,46
4294967279,45
4294967279,43
4294967279,42
4294967279,41
4294967279,40
4294967279,39
4294967279,38
4294967279,37
4294967279,36
4294967279,35
4294967279,63
4294967279,375
4294967279,374
4294967279,373
4294967279,372
4294967279,371
4294967279,174
4294967279,173
4294967279,370
64,5
4294967279,54
4294967278,167
64,4
4294967279,168
64,3
64,2
64,1
4294967279,334
4294967278,166
4294967278,165
4294967278,164
4294967278,163
63,3
63,2
63,1
4294967278,303
4294967279,141
4294967279,47
62,3
62,1
4294967279,329
4294967279,44
4294967294,200
4294967278,302
4294967279,157
4294967279,299
61,6
4294967294,1416
4294967294,401
4294967294,185
4294967294,163
4294967278,153
4294967279,369
4294967278,292
4294967278,563
61,5
4294967278,152
4294967278,151
61,4
4294967279,316
61,3
61,2
61,1
4294967278,150
4294967279,328
4294967278,149
4294967294,1422
